
         . <-- decimal point here
15        7
0001 1011 0001 1000
   ^_highest bit

want:
31   27   23   19   15        7
          1101 1000 1100 0000 0000 0000

highest_bit = 12


31   27   23   19   15        7
     0001 1011 0001 1000 0000 0000 0000

     0000 1101 1000 1100 0000 0000 0000
       0    d    8   c     0    0    0
             
-> mask out exponent section:

     0000 0101 1000 1100 0000 0000 0000
       0    5    8   c     0    0    0

   exponent should be 4

4 + 127 = 131 == 1000 0011

31   27   23   19   15   11   7    3
0100 0001 1000 0000 0000 0000 0000 0000
4    1    8    0    0    0    0    0

-> merged with exponent:

31   27   23   19   15   11   7    3
0100 0001 1101 1000 1100 0000 0000 0000
4    1    d    8    c    0    0    0


|||||||||||||||||||||||||||||||||||||||||||||||||||||||||||||||||||||||||||||||

source: 000000a0

31   27   23   19   15   11   7    3
0000 0000 0000 0000 0000 0000 1010 0000
                   . <-- decimal point

adjusted: 00a00000

31   27   23   19   15   11   7    3
0000 0000 1010 0000 0000 0000 0000 0000
             
1.01 x 2^-9  0.00000000101
